320
11.19
12.07
61.8
9.4
11.34
18.89
26.75
12.04
11.18
10.84
12.36
10.29
10.61
12.99
45.41
14.89
10.83
10.6
24.07
11.69
11.26
23.12
36.06
17.09
10.18
11.51
34.18
20.84
44.58
12.53
12.43
11.76
11.43
19.19
11.8
9.56
16.1
17.66
26.34
19.03
12.87
11.68
13.37
36.6
12.01
13.33
16.02
10.07
19.78
11.73
11.7
46.15
16.32
17.8
13.46
12.12
10.91
14.61
17.24
10.67
27.55
13.21
16.7
11.84
55.69
26.05
16.27
15.69
12.74
21.48
11.08
48.16
18.31
23.82
22
10.1
28.97
9.8
9.72
17.4
11.85
22.61
30.62
25.26
12.35
10.65
10.13
11.44
10.79
27.03
10.42
18.27
10.69
9.49
49.65
11.93
23.95
10.96
23.43
11.31
13.19
11.11
10.73
16.78
10.85
11.13
50.99
11.47
18.83
15.68
9.63
69.26
25.38
9.66
11.41
40
48.48
13.05
31.52
10.64
16.65
22.06
10.19
40.26
17.7
18.6
10.52
9.89
11.74
39.77
12.97
32.05
44.45
21.62
12.52
105.46
27.92
20.28
10.03
16.77
12.62
12.66
13.86
16.03
21.05
29.09
25.5
23.8
26.54
10.21
24.78
32
34.49
12.79
12.33
28.11
12.47
9.55
11.54
9.47
12.17
12.06
60.61
31.37
23.52
16.35
14.55
10.45
12.23
19.23
12.42
73.46
20.24
11.64
10.87
40.75
22.33
33.36
27.23
15.48
41.24
9.86
15.37
10.12
10.59
11.4
22.25
14.79
13.17
13.53
13.45
16.11
21.65
8.79
14.94
14.68
21.03
11.67
17.88
14.38
10.41
34.88
25.8
80.74
13.73
20.98
18.64
25
26.13
13.56
24.79
23.13
75.44
37.73
93.39
42.92
10.3
22.36
13.77
10.06
12.73
31.69
9.16
21.21
39.52
26.81
11.78
23.81
16.95
31.39
9.61
26.06
12.78
20.7
26.78
46.98
12.89
15.1
17.83
17.42
13.61
12.86
22.28
45.06
34.23
51.87
51.19
10.97
25.57
9.46
11.55
28.01
56.98
11.32
12.65
44.17
41.36
19.67
49.61
43.13
85.33
11.05
10.78
24.01
10.4
10.28
53.49
20.51
26.4
12.51
24.94
11.3
15.24
27.74
13.99
11.38
18.35
9.31
26.51
13.12
16.43
17.79
34.51
18.68
13.2
8.27
21.95
42.09
12.49
9.83
21.22
21.54
19.39
54.69
10.68
9.65
11.03
13.09
13.42
40.38
16.21
29.56
12.1
17.62
34.75
14.17
14.02
12.19
11.56
10.17
9.25
16.46
11.15
11.12
33.14
18.26
11.09
37.68
16.8
12.98
14.51
10.8
9.77
14.22
33.25
46.94
9.07
34.12
11.53
12.08
13.07
10.53
18.38
10.23
10
31.03
10.71
22.93
20.8
10.15
34.96
11.58
24.27
17.28
25.7
22.67
9.73
12.6
38.14
33.79
8.47
34.14
11.89
10.48
13.66
35.9
21.32
26.46
87.13
10.77
11.98
15.64
9.75
34.41
10.32
10.99
9.93
10.94
45.78
39.4
26.53
22.35
69.16
9.82
10.46
11.97
69.94
10.98
15.72
23.37
27.79
11.01
9.6
10.92
29.34
22.79
9.84
14.32
13.02
54.15
17.54
14.8
29.42
22.18
12.39
13.93
12.88
51.05
12.9
38.3
26.62
17.49
9.59
17.86
9.74
10.22
10.38
13.41
10.04
10.34
22.77
17.2
21.15
9.69
9.99
19.06
21.99
15.29
16.98
27.63
10.74
10.7
90.29
13.34
12.13
13.89
16.09
10.11
47.78
11.22
9.98
18.33
25.39
65.75
9.92
17.36
41.21
14.99
27.22
14.42
17.81
49.12
53.32
27.9
8.82
44.71
46.36
15.13
18.42
26.85
14.74
25.3
13.85
16.59
21.1
48.02
9.15
22.27
53.57
37.83
28.4
10.75
11.21
29.93
12.02
49.34
82.02
9.45
12.46
9.09
9.48
22.95
25.06
14.92
16.83
15.55
10.35
16.26
14.63
19.4
11
14.53
24.72
52.24
28.41
10.82
78.41
17.96
36.4
15.44
13
15.17
10.47
66.46
12.03
16.05
42.56
13.79
12.4
11.14
9.52
16.86
32.91
19.74
10.26
95.57
46.24
18.56
9.7
18.06
41.14
11.48
9.79
22.11
11.36
13.91
10.63
10.89
21.68
17.94
11.71
56.92
25.97
12.41
55.43
11.77
15.32
39.53
10.5
9.23
12.11
38.43
13.22
23.5
18.4
11.2
57.82
10.05
21.11
18.93
55.11
11.07
11.94
11.28
37.4
22.71
10.37
12.28
9.97
34.13
18.95
42.59
99.55
11.46
14.62
62.14
44.57
15.3
72.11
67.78
42.01
9.62
36.49
17.41
20.32
12.2
15.58
24.95
57.68
12.7
42.37
15.03
30.92
11.02
10.62
18.81
15.63
81.39
11.72
10.51
18.16
9.57
23.2
13.74
26.63
9.85
17.64
32.65
20.01
14.48
16.44
42.46
37.2
34.02
34.66
62.65
14.54
28.23
9.11
57.73
17.31
62.88
10.93
17.46
78.71
15.87
29.68
11.04
22.74
11.35
11.65
45.51
9.76
11.92
19.72
12.67
41.74
14.76
17.02
12.37
32.79
12.77
27.45
15.39
12.69
21.94
16.2
10.14
33.34
39.18
13.87
11.29
21.8
20.86
11.37
10.09
55.41
35.12
13.5
24.16
18.25
9.68
49.66
19.53
13.38
17.5
9.91
46.72
22.1
23.9
20.25
16.97
12.21
12.29
12.61
30.11
9.29
12.68
41.93
13.11
14.04
15.65
22.52
10.02
17.05
15.15
34.93
46.95
12.84
14.87
13.71
41.46
35.92
17.07
14.73
14.95
9.43
48.04
15.2
33.63
39.11
29.24
11.81
21.7
41.9
10.31
50.48
19.12
14.81
11.24
15.46
10.95
15.73
42.74
42.73
12.34
10.86
38.24
22.05
17.72
60.26
37.45
22.73
54.55
27.14
10.81
47.8
12.25
9.54
24.02
18.74
22.54
43.24
9.94
11.87
27.2
23.32
18.8
28.52
22.48
13.69
27.05
9.53
33.75
19.61
12.22
36.27
10.56
31.94
8.58
28.47
48.3
14.15
27.24
20.21
18.9
11.95
52.66
29.19
16.71
12.64
24
28.66
18.5
10.72
11.33
37.14
14.01
39.28
23
52.81
36.73
27.77
11.17
30.6
37.72
74.22
24.1
14.06
12.26
49.4
20.69
11.39
38.2
15.23
44.66
14.52
20.71
11.6
17.26
15.38
11.79
18.34
31.88
14.83
16.38
18.57
17.12
15.41
18.45
8.87
15.04
16.48
79
30.64
29.92
15.9
9.42
51.35
35.91
15.49
42.62
34.38
16.57
19.81
32.64
30.47
13.06
34.25
15.82
13.43
17.21
30.16
25.1
99.85
29.71
17
24.55
36.61
13.51
17.25
29.55
35.34
18.77
31.42
10.9
85.11
10.44
9.13
49.2
41.18
9.64
48.58
37
18.73
11.82
12.48
11.63
26.8
16.93
14.98
12.95
31.19
28.22
19
28.75
38.86
9.36
18.22
15.4
25.08
9.9
51.61
20.49
10.39
31.05
41.38
24.41
20.38
25.73
14.11
28.6
10.58
15.19
33.86
56.64
31.38
58.13
42.87
44.86
67.56
54.73
33.26
47.72
87.36
59.4
62.2
57.36
59.13
55.37
51.63
31.67
75.75
37.08
92.8
44.44
54.67
97.49
84.35
40.76
37.23
72.44
53.92
31.25
42.35
61.25
52.2
72.46
39.85
58.29
42.28
42.52
45.99
67.14
49.23
46.77
72.26
88.6
50.37
62.45
37.98
91.26
46.9
33.82
37.16
75.8
53.83
31.15
64.38
45.42
63.83
54.96
77.32
32.12
32.5
74.08
40.94
34.7
61.68
54.89
76.78
81.61
44.36
29.8
33.85
41.45
73.76
37.43
51.83
38.97
61.43
39.03
52.03
34.21
46.13
47.24
109.04
72.36
104.79
32.21
49.97
42.07
51.09
36.12
61.71
49.57
71.87
35.23
48.7
48.71
31.75
95.23
62.64
43.06
90.75
50.15
111.07
50.66
35.79
33.06
43.11
45.61
163.36
35.04
128.65
46.65
122.71
44.46
49.95
73.42
59.81
59.19
32.78
47.46
37.97
187.35
51.5
32.19
57.85
30.54
57.42
70.42
41.06
39.81
135.79
108.16
34.34
31.86
62.77
96.38
67.79
32.62
63.1
76.31
51.89
82.01
32.74
45.95
29.26
102.16
51
59.91
58.99
39.36
65.21
33.21
68.59
34.36
51.41
63.43
58.32
37.79
30.36
58.26
34.2
50.79
35.69
62.7
57.53
33.13
43.26
129.22
29.28
60.97
45.47
99.75
34.54
53.1
43.67
73.49
50.54
38.85
32.83
110.39
37.77
58.16
50.91
49.45
58.14
81.89
47.99
121.51
93.86
64.64
270.51
43.16
77.51
61.33
121.34
55.23
62.93
36.5
40.54
34.94
53.89
202.68
103.11
88.76
135.93
39.44
150.82
75.36
40.13
52.45
50.19
37.52
38.89
51.97
81.82
65.47
94.62
40.02
38.18
38.69
49.29
41.07
55.4
54.4
35.29
67.58
45.07
126.8
40.42
38.74
54.83
66.84
43.72
62.03
35.44
67.44
102.15
119.16
59.69
78.97
67.38
34.83
31.2
43.69
87.57
64.23
31.32
37.53
82.12
49.71
62.09
89.68
92
135.21
49.05
30.35
68.77
73.04
75.82
83.21
34.74
31.68
45.56
50.16
83.94
52.33
79.02
59.77
29.02
133.25
64.2
33.45
26.89
40.56
50.84
39
137.22
66.71
69.44
93.91
63.12
32.24
59.04
75.81
55.47
71.88
31.29
42.27
36.34
38.88
78.79
48.38
49.3
40.6
58.19
34.08
31.09
67.04
39.95
87.44
63.14
51.72
48.25
47.23
64.66
32.29
44.99
116.05
55.16
40.37
42.88
40.87
41.98
50.42
40.57
35.89
47.14
64.59
43.36
101.25
68.25
57.22
35.51
77.26
34.67
34.72
90.81
59.35
36.56
34.5
38.03
38.91
26.23
54.27
43.12
45
33.2
46.29
68.9
39.16
37.71
32.87
30.42
75.64
59
77.3
44.21
45.85
39.56
147.64
52.47
36.67
42.78
32.85
34.3
62.13
45.79
47.67
72.07
61.87
70.96
39.47
37.74
78.28
36.91
29.75
31.34
44.27
83.56
35.45
54.85
45.64
102.41
66.23
41.91
47.52
33.41
40.17
87.41
130.53
56.42
106.43
141.73
46.48
62.96
29.74
79.74
29.54
35.65
63.42
83.44
58.44
30.58
35.57
68.01
57.03
34.31
31.17
80.14
45.14
75.26
69.72
80.64
33.29
33.42
50.05
26.17
33.74
59.83
31.76
60.74
38.12
96.81
39.14
51.43
40.65
93.23
33.96
34.39
35.64
45.97
48.22
46.75
33.12
100.71
34.53
36.59
49.35
35.72
46.19
30.63
35.43
79.38
57.41
124.28
31.53
42.61
59.05
42.08
92.05
98.92
60.36
68.07
44.98
49.33
45.58
33.58
101.76
111.55
38
42.67
54.2
67.87
79.71
52.57
85.66
111.26
55.58
126.43
107.75
127.53
133.5
84.92
145.37
37.75
79.19
28.49
81.81
66.08
84.48
32.15
50.76
104.9
34.62
55.65
29.77
58.46
54.01
35
75.94
99.48
34.99
32.86
61.39
33.89
44.22
133.18
99.58
84.68
54.02
73.28
92.13
50.85
54.1
47.25
30.45
53.15
29.65
46.88
41.44
90.8
129.61
33.91
60.9
47.96
42.06
29.96
54.36
53.25
66.15
34.69
53.5
31.82
39.63
48.96
77.67
54.84
39.59
55.06
68.56
54.16
31.72
164.11
72.61
40.74
45.21
77.03
46.35
41.01
50.9
55.12
38.6
72.95
51.38
35.85
55.54
54.8
86.88
32.9
34.27
37.37
29.6
86.85
34.68
40.5
127.34
128.36
37.51
38.59
56.72
37.31
33.35
45.16
42.42
35.13
123.42
51.82
62.36
80.32
52.34
37.67
53.8
37.48
158.9
52.79
47.29
89.58
55.91
32.4
43
40.28
59.79
39.57
36.57
73.62
42.9
109.6
38.84
39.29
36.47
35.41
65.04
39.13
30.53
62.4
40.81
38.28
32.51
69.95
59.23
38.42
178.79
98.63
41.5
88.1
143.54
37.54
42.84
104.99
26.45
117.41
90.82
40.06
29.22
37.81
53.98
45.01
167.52
66.2
118.03
57.67
64.7
40.25
119.79
80.06
77.24
91.23
48.14
33.32
60.49
41.83
31.3
47.44
56.48
85.74
40.9
50.09
148.64
94.49
110.28
40.85
32.44
79.18
40.48
79.63
76.36
54.97
81.64
75
39.89
33.55
36.35
32.08
81.57
75.12
31.92
32.25
39.69
59.7
42.21
44.9
33.43
89.47
30.49
30.21
32.96
46.6
41.88
89.38
43.22
30.37
111.94
63.54
71.02
32.95
60.12
59.07
136.12
53.34
95.49
110.87
48.12
57.02
58.48
74.13
47.41
49.26
32.98
60.52
103.2
96.5
42.22
42.71
31.33
56.4
56.3
43.83
31.12
35.94
49.25
59.85
41.79
46.89
35.73
77.93
36.58
45.94
66.53
69.54
54.44
34
85.48
42.81
77.04
29.1
35.99
81.8
31.04
50.86
42.66
40.1
34.97
92.59
41.6
65.5
84.32
69.82
43.89
33.33
42.18
32.2
38.46
106.63
32.67
67.51
211.97
126.7
83.14
50.34
50.32
59.96
37.86
54.62
42.55
29.04
76.49
100.72
43.09
93.61
56.9
120.36
38.52
53.33
48.97
77.1
39.31
152.58
32.66
64.77
56.77
127.06
49.15
92.91
62.1
44.31
37.03
59.39
29.63
82.18
36.05
66.19
32.76
56.63
74.97
35.46
48.11
45.46
92.45
43.52
42.86
38.49
78.44
99.19
191.66
200.01
31.84
57.47
35.77
35.74
35.83
106.07
40.44
81.59
64.92
56.31
73.79
58.51
34.01
75.92
86.99
83.23
125.26
64.11
36.64
51.55
66.66
36.04
32.11
63.93
32.14
30.1
36.78
67.81
63.72
64.75
56.28
76.5
55.22
103.97
31
58.23
62.63
75.07
66.4
85.69
58.77
37.02
39.46
44.62
67.2
36.19
97.46
32.33
46.7
72.58
62.37
47.07
31.97
51.52
70.76
56.83
48.72
81.73
60.3
118.5
59.32
37.18
50.63
59.1
46.62
78.73
40.4
62.84
136.38
95.19
32.34
48.55
60.6
109.31
94.12
85.21
66.28
86.7
60.59
49.76
60.17
42.77
59.36
107.81
64.63
94.39
100.28
78.04
65.16
91.71
86.81
56.12
65.58
85.8
35.3
49.68
55.42
44.49
61.08
76.96
67.74
66.98
89.07
60.08
69.83
48.23
59.57
115.97
46.56
35.14
69.14
71.05
86.94
63.33
60.98
153.48
70.07
33.37
62.49
59.75
141.35
39.55
82.77
58.53
30.99
47.95
46.84
80.12
33.65
40.99
60.42
44.97
67.93
84.53
33.19
95.31
39.66
37.91
71.75
108.88
103.84
54.03
86.75
36.18
38.67
31.57
158.84
98.3
64.86
41.12
72.75
68.57
63.44
35.97
42.47
118.7
41.73
35.22
81.79
56.73
31.74
57.06
81.55
34.86
64.71
149.73
62.68
104.54
117.61
36.41
72.09
51.32
74.93
143.24
72.25
75.13
63.59
56.66
53.55
31.98
36.75
43.8
63.8
33.53
168.81
54.77
41.15
62.35
79.27
75.37
50.98
60.58
52.64
56.99
53.81
121.46
32.43
81.4
63.15
84.7
31.5
91.24
39.79
31.9
66.94
43.55
71.41
30.2
83.37
41.8
41.31
31.58
144.38
86.14
33.03
35.16
36.2
47.53
46.92
54.51
47.05
98.04
36.69
73.03
48.46
29.15
79.3
61.95
49.5
97.29
42.03
60.41
46.86
31.31
87
48.5
66.93
74.78
61.96
32.31
45.34
34.42
87.68
53.22
86.58
